"ID","HOUSE_NUMBER","STREET_ID"
1,1,1
2,2,1
3,3,1
4,4,1
5,5,1
6,6,1
7,7,1
8,8,1
9,9,1
10,10,1
11,11,1
12,12,1
13,13,1
14,14,1
15,15,1
16,1,2
17,2,2
18,3,2
19,4,2
20,5,2
21,6,2
22,7,2
23,8,2
24,9,2
25,10,2
26,11,2
27,12,2
28,13,2
29,14,2
30,15,2
31,1,3
32,2,3
33,3,3
34,4,3
35,5,3
36,6,3
37,7,3
38,8,3
39,9,3
40,10,3
41,11,3
42,12,3
43,13,3
44,14,3
45,15,3
46,1,4
47,2,4
48,3,4
49,4,4
50,5,4
51,6,4
52,7,4
53,8,4
54,9,4
55,10,4
56,11,4
57,12,4
58,13,4
59,14,4
60,15,4
61,1,5
62,2,5
63,3,5
64,4,5
65,5,5
66,6,5
67,7,5
68,8,5
69,9,5
70,10,5
71,11,5
72,12,5
73,13,5
74,14,5
75,15,5
76,1,6
77,2,6
78,3,6
79,4,6
80,5,6
81,6,6
82,7,6
83,8,6
84,9,6
85,10,6
86,11,6
87,12,6
88,13,6
89,14,6
90,15,6
91,1,7
92,2,7
93,3,7
94,4,7
95,5,7
96,6,7
97,7,7
98,8,7
99,9,7
100,10,7
101,11,7
102,12,7
103,13,7
104,14,7
105,15,7
106,1,8
107,2,8
108,3,8
109,4,8
110,5,8
111,6,8
112,7,8
113,8,8
114,9,8
115,10,8
116,11,8
117,12,8
118,13,8
119,14,8
120,15,8
121,1,9
122,2,9
123,3,9
124,4,9
125,5,9
126,6,9
127,7,9
128,8,9
129,9,9
130,10,9
131,11,9
132,12,9
133,13,9
134,14,9
135,15,9
136,1,10
137,2,10
138,3,10
139,4,10
140,5,10
141,6,10
142,7,10
143,8,10
144,9,10
145,10,10
146,11,10
147,12,10
148,13,10
149,14,10
150,15,10
151,1,11
152,2,11
153,3,11
154,4,11
155,5,11
156,6,11
157,7,11
158,8,11
159,9,11
160,10,11
161,11,11
162,12,11
163,13,11
164,14,11
165,15,11
166,1,12
167,2,12
168,3,12
169,4,12
170,5,12
171,6,12
172,7,12
173,8,12
174,9,12
175,10,12
176,11,12
177,12,12
178,13,12
179,14,12
180,15,12
181,1,13
182,2,13
183,3,13
184,4,13
185,5,13
186,6,13
187,7,13
188,8,13
189,9,13
190,10,13
191,11,13
192,12,13
193,13,13
194,14,13
195,15,13
196,1,14
197,2,14
198,3,14
199,4,14
200,5,14
201,6,14
202,7,14
203,8,14
204,9,14
205,10,14
206,11,14
207,12,14
208,13,14
209,14,14
210,15,14
211,1,15
212,2,15
213,3,15
214,4,15
215,5,15
216,6,15
217,7,15
218,8,15
219,9,15
220,10,15
221,11,15
222,12,15
223,13,15
224,14,15
225,15,15
226,1,16
227,2,16
228,3,16
229,4,16
230,5,16
231,6,16
232,7,16
233,8,16
234,9,16
235,10,16
236,11,16
237,12,16
238,13,16
239,14,16
240,15,16
241,1,17
242,2,17
243,3,17
244,4,17
245,5,17
246,6,17
247,7,17
248,8,17
249,9,17
250,10,17
251,11,17
252,12,17
253,13,17
254,14,17
255,15,17
256,1,18
257,2,18
258,3,18
259,4,18
260,5,18
261,6,18
262,7,18
263,8,18
264,9,18
265,10,18
266,11,18
267,12,18
268,13,18
269,14,18
270,15,18
271,1,19
272,2,19
273,3,19
274,4,19
275,5,19
276,6,19
277,7,19
278,8,19
279,9,19
280,10,19
281,11,19
282,12,19
283,13,19
284,14,19
285,15,19
286,1,20
287,2,20
288,3,20
289,4,20
290,5,20
291,6,20
292,7,20
293,8,20
294,9,20
295,10,20
296,11,20
297,12,20
298,13,20
299,14,20
300,15,20
301,1,21
302,2,21
303,3,21
304,4,21
305,5,21
306,6,21
307,7,21
308,8,21
309,9,21
310,10,21
311,11,21
312,12,21
313,13,21
314,14,21
315,15,21
316,1,22
317,2,22
318,3,22
319,4,22
320,5,22
321,6,22
322,7,22
323,8,22
324,9,22
325,10,22
326,11,22
327,12,22
328,13,22
329,14,22
330,15,22
331,1,23
332,2,23
333,3,23
334,4,23
335,5,23
336,6,23
337,7,23
338,8,23
339,9,23
340,10,23
341,11,23
342,12,23
343,13,23
344,14,23
345,15,23
346,1,24
347,2,24
348,3,24
349,4,24
350,5,24
351,6,24
352,7,24
353,8,24
354,9,24
355,10,24
356,11,24
357,12,24
358,13,24
359,14,24
360,15,24
361,1,25
362,2,25
363,3,25
364,4,25
365,5,25
366,6,25
367,7,25
368,8,25
369,9,25
370,10,25
371,11,25
372,12,25
373,13,25
374,14,25
375,15,25
376,1,26
377,2,26
378,3,26
379,4,26
380,5,26
381,6,26
382,7,26
383,8,26
384,9,26
385,10,26
386,11,26
387,12,26
388,13,26
389,14,26
390,15,26
391,1,27
392,2,27
393,3,27
394,4,27
395,5,27
396,6,27
397,7,27
398,8,27
399,9,27
400,10,27
401,11,27
402,12,27
403,13,27
404,14,27
405,15,27
406,1,28
407,2,28
408,3,28
409,4,28
410,5,28
411,6,28
412,7,28
413,8,28
414,9,28
415,10,28
416,11,28
417,12,28
418,13,28
419,14,28
420,15,28
421,1,29
422,2,29
423,3,29
424,4,29
425,5,29
426,6,29
427,7,29
428,8,29
429,9,29
430,10,29
431,11,29
432,12,29
433,13,29
434,14,29
435,15,29
436,1,30
437,2,30
438,3,30
439,4,30
440,5,30
441,6,30
442,7,30
443,8,30
444,9,30
445,10,30
446,11,30
447,12,30
448,13,30
449,14,30
450,15,30
451,1,31
452,2,31
453,3,31
454,4,31
455,5,31
456,6,31
457,7,31
458,8,31
459,9,31
460,10,31
461,11,31
462,12,31
463,13,31
464,14,31
465,15,31
466,1,32
467,2,32
468,3,32
469,4,32
470,5,32
471,6,32
472,7,32
473,8,32
474,9,32
475,10,32
476,11,32
477,12,32
478,13,32
479,14,32
480,15,32
481,1,33
482,2,33
483,3,33
484,4,33
485,5,33
486,6,33
487,7,33
488,8,33
489,9,33
490,10,33
491,11,33
492,12,33
493,13,33
494,14,33
495,15,33
496,1,34
497,2,34
498,3,34
499,4,34
500,5,34
501,6,34
502,7,34
503,8,34
504,9,34
505,10,34
506,11,34
507,12,34
508,13,34
509,14,34
510,15,34
511,1,35
512,2,35
513,3,35
514,4,35
515,5,35
516,6,35
517,7,35
518,8,35
519,9,35
520,10,35
521,11,35
522,12,35
523,13,35
524,14,35
525,15,35
526,1,36
527,2,36
528,3,36
529,4,36
530,5,36
531,6,36
532,7,36
533,8,36
534,9,36
535,10,36
536,11,36
537,12,36
538,13,36
539,14,36
540,15,36
541,1,37
542,2,37
543,3,37
544,4,37
545,5,37
546,6,37
547,7,37
548,8,37
549,9,37
550,10,37
551,11,37
552,12,37
553,13,37
554,14,37
555,15,37
556,1,38
557,2,38
558,3,38
559,4,38
560,5,38
561,6,38
562,7,38
563,8,38
564,9,38
565,10,38
566,11,38
567,12,38
568,13,38
569,14,38
570,15,38
571,1,39
572,2,39
573,3,39
574,4,39
575,5,39
576,6,39
577,7,39
578,8,39
579,9,39
580,10,39
581,11,39
582,12,39
583,13,39
584,14,39
585,15,39
586,1,40
587,2,40
588,3,40
589,4,40
590,5,40
591,6,40
592,7,40
593,8,40
594,9,40
595,10,40
596,11,40
597,12,40
598,13,40
599,14,40
600,15,40
601,1,41
602,2,41
603,3,41
604,4,41
605,5,41
606,6,41
607,7,41
608,8,41
609,9,41
610,10,41
611,11,41
612,12,41
613,13,41
614,14,41
615,15,41
616,1,42
617,2,42
618,3,42
619,4,42
620,5,42
621,6,42
622,7,42
623,8,42
624,9,42
625,10,42
626,11,42
627,12,42
628,13,42
629,14,42
630,15,42
631,1,43
632,2,43
633,3,43
634,4,43
635,5,43
636,6,43
637,7,43
638,8,43
639,9,43
640,10,43
641,11,43
642,12,43
643,13,43
644,14,43
645,15,43
646,1,44
647,2,44
648,3,44
649,4,44
650,5,44
651,6,44
652,7,44
653,8,44
654,9,44
655,10,44
656,11,44
657,12,44
658,13,44
659,14,44
660,15,44
661,1,45
662,2,45
663,3,45
664,4,45
665,5,45
666,6,45
667,7,45
668,8,45
669,9,45
670,10,45
671,11,45
672,12,45
673,13,45
674,14,45
675,15,45
676,1,46
677,2,46
678,3,46
679,4,46
680,5,46
681,6,46
682,7,46
683,8,46
684,9,46
685,10,46
686,11,46
687,12,46
688,13,46
689,14,46
690,15,46
691,1,47
692,2,47
693,3,47
694,4,47
695,5,47
696,6,47
697,7,47
698,8,47
699,9,47
700,10,47
701,11,47
702,12,47
703,13,47
704,14,47
705,15,47
