"ID","AMOUNT_TO_PAID","CURRENCY_ID","TYPE"
561,1000,1,"cash"
581,1000,1,"cash"
601,1500,1,"card"
621,200,1,"card"
622,200,1,"card"
669,4700,1,"card"
641,300,1,"card"
661,1500,1,"card"
671,1200,1,"card"
165,1000,1,"cash"
181,1000,2,"cash"
186,1000,1,"cash"
191,1000,1,"cash"
192,1000,1,"cash"
193,1000,1,"cash"
195,1000,1,"cash"
196,1000,1,"cash"
197,1000,1,"cash"
199,1000,1,"cash"
200,1000,1,"cash"
202,1000,2,"cash"
667,800,1,"cash"
221,1000,1,"cash"
222,1000,1,"cash"
216,1000,1,"cash"
261,1000,1,"cash"
281,1000,1,"cash"
282,1000,1,"cash"
283,1000,1,"cash"
284,1000,1,"cash"
301,1000,1,"cash"
302,1000,1,"cash"
305,1000,1,"cash"
306,1000,1,"cash"
323,1000,1,"cash"
324,1000,1,"cash"
342,1000,1,"cash"
346,1000,1,"cash"
361,1000,1,"cash"
363,1000,1,"cash"
364,1000,1,"cash"
365,1000,1,"cash"
381,1000,1,"cash"
401,1000,1,"cash"
402,1000,1,"cash"
404,1000,1,"cash"
409,1000,1,"cash"
410,1000,1,"cash"
411,1000,1,"cash"
412,1000,1,"cash"
413,1000,1,"cash"
421,1000,1,"cash"
442,1000,1,"cash"
463,1000,1,"cash"
467,1000,1,"cash"
469,1000,1,"cash"
493,1000,1,"cash"
494,1000,1,"cash"
501,1000,1,"cash"
502,1000,1,"cash"
503,1000,1,"cash"
504,1000,1,"cash"
507,1000,1,"cash"
508,1000,1,"cash"
509,1000,1,"cash"
510,1000,1,"cash"
521,1000,1,"cash"
14,200,1,"card"
15,250,1,"cash"
16,10,2,"card"
17,30,3,"cash"
18,30,21,"card"
19,389,22,"cash"
20,167,23,"card"
21,180,24,"cash"
22,135,25,"card"
23,1247,26,"card"
24,3500,27,"card"
41,800,1,"cash"
