"ID","DRIVER_ID","CAR_ID","TIME_CREATE","PAYMENT_ID","AMOUNT_OF_GASOLINE"
41,3,36,12.08.20 14:00:00,000000000,601,19
67,2,2,02.11.21 15:40:19,000000000,669,100
69,2,2,02.11.21 15:47:36,000000000,671,30
65,3,17,02.11.21 15:38:19,000000000,667,20
1,1,1,12.02.21 14:23:59,000000000,14,19
2,2,2,12.08.20 18:25:59,000000000,15,65
4,4,17,01.05.20 14:25:59,000000000,17,43
5,5,18,04.04.20 12:25:59,000000000,18,38
6,6,19,05.03.20 13:25:59,000000000,19,48
7,7,20,12.02.20 07:25:59,000000000,20,36
8,8,21,17.01.20 08:25:59,000000000,21,49
9,9,29,15.12.20 09:25:59,000000000,22,50
10,10,32,27.11.20 10:25:59,000000000,23,53
11,11,33,29.09.20 11:25:59,000000000,24,43
12,3,3,30.09.20 01:25:59,000000000,16,56
21,3,17,23.08.21 17:44:26,000000000,41,20
