"ID","DRIVER_ID","CAR_ID","DATE_START","DATE_STOP","GAS_MILEAGE","DISTANCE"
5,1,1,24.12.21,02.11.21,159,4129
6,2,2,12.03.21,,8,12500
7,3,17,05.03.21,,7,23000
8,4,18,05.08.20,,12,34509
9,5,19,02.04.19,,11,25468
10,6,20,29.05.20,,12,24678
11,7,21,23.06.19,,13,74325
12,8,29,17.09.21,,10,46008
13,9,32,18.08.19,,9,14685
14,10,33,13.01.19,,11,40250
15,11,34,18.01.20,,10,25797
16,12,35,25.05.19,22.08.21,70,25190
17,14,36,22.07.19,,10,1200
102,1,1,02.11.21,02.11.21,,
81,1,1,31.10.21,02.11.21,,
103,1,1,02.11.21,02.11.21,,
104,12,35,02.11.21,,,
101,1,1,02.11.21,02.11.21,,
