"ID","FROM_ADDRESS_ID","TO_ADDRESS_ID","ORDER_ID","PREVIEW_WAY_ID","DISTANCE"
761,245,321,541,,200
762,321,322,541,761,300
763,322,323,541,762,400
764,323,435,541,763,500
801,2,25,721,,10
781,245,321,561,,200
782,321,322,561,781,300
783,322,323,561,782,400
784,323,435,561,783,500
802,167,25,722,,10
821,3,2,741,,15
822,2,3,741,821,15
841,5,5,761,,10
842,5,7,761,841,15
843,7,8,761,842,20
129,464,,145,18,
236,245,,196,,
143,464,,161,129,
242,354,,201,236,
156,464,,166,143,
243,245,,201,,
244,354,,202,243,
169,464,,171,156,
170,245,,172,169,
245,464,,202,243,
173,464,,172,170,
174,245,,173,173,
281,245,,241,,
177,464,,173,174,
179,245,,175,177,
302,264,,261,281,
182,464,,175,179,
183,245,,176,182,
304,264,,262,302,
186,464,,176,183,
187,245,,177,186,
305,245,,263,,
190,464,,177,187,
192,245,,179,190,
307,264,,263,304,
308,264,,263,304,
195,464,,179,192,
196,245,,180,195,
310,264,,264,308,
199,464,,180,196,
201,245,,182,199,
312,464,,264,308,
204,464,,182,201,
322,264,,281,312,
324,464,,281,312,
328,264,,282,324,
340,464,,285,328,
344,264,,286,340,
372,464,,303,344,
376,464,,304,372,
388,264,,322,376,
404,464,,326,388,
424,264,,341,404,
432,464,,343,424,
436,464,,344,432,
440,464,,345,436,
444,464,,361,440,
464,464,,381,444,
468,464,,382,464,
473,245,,384,,
493,464,,389,473,
497,464,464,390,493,
501,464,,391,497,
505,464,,392,501,
508,354,464,393,505,
523,354,464,401,508,
547,354,464,422,245,
567,354,464,443,547,
577,354,464,447,567,
583,354,464,449,577,
644,264,354,473,643,
643,245,264,473,,
662,264,264,481,661,
647,245,264,474,,
648,264,354,474,647,
663,264,264,481,662,
661,245,264,481,,
665,245,264,482,,
666,264,354,482,665,
670,264,264,483,669,
669,245,264,483,,
671,264,264,483,670,
673,245,264,484,,
674,264,354,484,673,
685,245,264,487,,200
690,264,354,488,689,300
689,245,264,488,,200
721,245,264,501,,200
693,245,264,489,,200
694,264,354,489,693,300
695,354,464,489,694,400
722,264,354,501,721,300
698,245,264,490,,200
699,264,354,490,698,300
700,354,464,490,699,400
723,354,464,501,722,400
724,464,435,501,723,500
7,1,,33,,20
8,68,,34,,20
9,83,,35,,20
10,168,,36,,100
11,193,,37,,100
12,260,,38,,100
14,25,,39,7,100
15,82,,40,8,100
16,112,,41,9,100
17,230,,42,10,
18,303,,43,11,
